$coord
         -1.297621587708         -1.260986344160         -0.000087653615     c 
          1.297623588738         -1.260988233130         -0.000088487929     c 
         -2.049193237820          1.221737923508          0.000250297792     n 
          2.049228651662          1.221741142089         -0.000004503217     n 
          0.000042313988          2.677466753768          0.000227179263     c 
         -4.627242467486          2.075878784360          0.000325475059     c 
          4.627322492656          2.075762721361         -0.000671765639     c 
         -4.677337294501          4.130046144084          0.006659041622     h 
          5.608127306718          1.373587664179         -1.671775007301     h 
          4.677554205938          4.129901985017         -0.003913536081     h 
         -5.609375544784          1.371118473798          1.669653221871     h 
         -5.606289429368          1.381597820549         -1.675263417404     h 
          5.607458969609          1.378893804507          1.673073709176     h 
         -0.000103151447          4.703473654745          0.000391671781     h 
         -3.135967355060         -3.368428180946         -0.000764554962     c 
          3.135843526232         -3.368489267849          0.000818850946     c 
         -2.158553742086         -5.170667010710         -0.003321396690     h 
          4.343648901882         -3.283178020537         -1.663902970245     h 
          4.343701589331         -3.281283427788          1.665456730888     h 
         -4.345117746745         -3.280430919688         -1.664419247532     h 
         -4.342589509610         -3.283862117582          1.664929017358     h 
          2.158377209557         -5.170632128070          0.001887841893     h 
$end
