           1           2   1.5061265275965934     
           1           3   1.1849735833760584     
           2           4   1.1849735833760602     
           3           5   1.3501797186846591     
           4           5   1.3501797186846600     
           3           6  0.99354842083626749     
           4           7  0.99354842083626560     
           6           8  0.96222444380074335     
           7           9  0.96222444380074168     
           7          10  0.96222444380074146     
           6          11  0.96222444380074235     
           6          12  0.97623631471369943     
           7          13  0.97623631471370143     
           5          14  0.95451532049656196     
           1          15   1.0447572569593075     
           2          16   1.0447572569593069     
          15          17  0.95808184605686830     
          16          18  0.95808184605686764     
          16          19  0.95808184605686586     
          15          20  0.95808184605686764     
          15          21  0.97377625712539873     
          16          22  0.97377625712539617     
