$coord
         -1.277753598293         -2.254509771830         -0.000005707917     c 
          1.277820648794         -2.254408913187         -0.000079010576     c 
         -2.010196447406          0.234850067442          0.000385631461     n 
          2.010188534556          0.234938226559          0.000425865994     n 
         -0.000076161625          1.826308993701          0.000377158119     c 
         -2.604245499703         -3.784067845621         -0.000196461768     h 
          2.604279644783         -3.783970762840         -0.000377001839     h 
         -4.590050384251          1.060615535520         -0.000418933724     c 
          4.590073386751          1.060611295353         -0.000407281862     c 
         -5.579864952058          0.375349562073         -1.679317778697     h 
          5.582142546148          0.372292916744          1.675976361116     h 
          5.579961929203          0.375263395861         -1.679265468626     h 
         -4.603896435195          3.117004011095          0.001319157025     h 
         -5.582354064118          0.372382255995          1.675812842373     h 
          4.603921257879          3.117057944818          0.001131970599     h 
$end
