           1           2   1.6284546018495456     
           1           3   1.1843786113123542     
           2           4   1.1843786106818428     
           3           5   1.3177725975289387     
           4           5   1.3177726005886528     
           1           6  0.97052338774737668     
           2           7  0.97052338784817005     
           3           8   1.0146415892761200     
           4           9   1.0146415884284605     
           8          10  0.97665691477683969     
           9          11  0.97665691497486218     
           9          12  0.97665691498528950     
           8          13  0.97665691478023675     
           8          14  0.98052676215949175     
           9          15  0.98052676230737723     
