$coord
         -2.060698237676          2.176525204428          0.000425053979     n 
          2.060757764610          2.176434619469          0.000179952177     n 
         -1.305555775583         -0.305130196827          0.000305211339     c 
          1.305527551203         -0.305138703050          0.000061956555     c 
          0.000073721233          3.623400379109          0.000237985283     c 
         -3.381814138234         -2.741373650485         -0.000299415549     cl
          3.381759611704         -2.741478122851          0.000211147773     cl
         -4.649497446659          3.003097871023         -0.000046343072     c 
          4.649543569767          3.003126767012         -0.000749610820     c 
         -5.618552994511          2.272257748377          1.665081218154     h 
          5.615809261343          2.283432923214          1.670765646846     h 
         -5.613403030962          2.287830294144         -1.674958180743     h 
          5.616322911533          2.277025834406         -1.669175985567     h 
          4.723924656740          5.055806607790         -0.004641127814     h 
         -4.723970621489          5.055804416841          0.009309492437     h 
         -0.000131268679          5.652706974408          0.000589794807     h 
$end
