           1           3   1.1865068543846613     
           2           4   1.1865068537137782     
           3           4   1.4394494316450150     
           1           5   1.3431545824805871     
           2           5   1.3431545851360036     
           3           6   1.0688392390357455     
           4           7   1.0688392386743621     
           1           8  0.98261093969592339     
           2           9  0.98261093929389598     
           8          10  0.97220552846301977     
           9          11  0.97220552850282360     
           8          12  0.95674345799325722     
           9          13  0.95674345788031578     
           9          14  0.95674345805393557     
           8          15  0.95674345780999681     
           5          16  0.94623776869761844     
