   -0.17888258
    0.06606993
   -0.17870760
    0.06123826
    0.01736546
    0.01710028
    0.03980141
    0.04022791
    0.00127174
    0.00156396
    0.00137278
    0.00148232
    0.07436607
    0.07503619
   -0.02663536
   -0.07603538
   -0.02659003
   -0.02663581
   -0.02268309
   -0.02661981
   -0.02270154
    0.08334603
   -0.07721104
   -0.07662044
    0.08286330
    0.09057971
    0.08331174
    0.09058761
    0.08292890
   -0.07677920
    0.07697088
    0.06795379
    0.07726660
    0.07552778
    0.07678641
    0.07839662
    0.07739859
    0.06917773
    0.07514788
    0.07839512
    0.07688504
    0.07568184
