$coord
         -2.023993900645          2.219189629955          0.000066061229     n 
          2.023956620509          2.219223287108          0.000083853187     n 
         -1.287645148244         -0.268058571527          0.000131936130     c 
          1.287664855818         -0.268024455737          0.000122845037     c 
         -0.000056664188          3.790944573658          0.000039628687     c 
         -3.363095474851         -2.740362978749          0.000023513860     cl
          3.363126884931         -2.740338025296         -0.000078623182     cl
         -4.605410241173          3.049517289915         -0.000201255625     c 
          4.605383819403          3.049551754359         -0.000035561052     c 
         -5.587219315509          2.357829017634          1.676952994919     h 
          5.587066273407          2.358200392436         -1.677429577567     h 
         -5.587790609521          2.355187405445         -1.675964123628     h 
          4.599775047023          5.104201980070          0.001972869734     h 
          5.588020086502          2.354968376381          1.675375593237     h 
         -4.599682981653          5.104213650451         -0.001738956810     h 
$end
