           1           3   1.1675087981037269     
           2           4   1.1675086202089824     
           3           4   1.5123924091501826     
           1           5   1.3065598924641388     
           2           5   1.3065599004242197     
           3           6  0.98104355241820751     
           4           7  0.98104354021564799     
           1           8   1.0043249701140997     
           2           9   1.0043249561888667     
           8          10  0.97782342131032318     
           9          11  0.97782341596993849     
           8          12  0.97379002119824232     
           9          13  0.97379001978831825     
           9          14  0.97379002005528315     
           8          15  0.97379002093713829     
