$coord
         -1.279499762518         -2.435735690532         -0.086512452746     c 
          1.284818266567         -2.431000850074          0.102183359882     c 
         -0.004466657921          1.661782214527          0.004892964788     c 
         -2.009204580144          0.071599588387         -0.156198827024     n 
          2.005805300477          0.079069095864          0.168898694551     n 
         -3.089826664131         -4.584375851676         -0.208953262277     c 
          3.103034184991         -4.572732210753          0.228490325529     c 
         -4.116452069577         -4.588234192452         -1.997540705925     h 
          2.096052815081         -6.356163303011          0.071281221155     h 
          4.130226533355         -4.568850427927          2.016896604363     h 
         -2.076320056157         -6.363565629596         -0.047556874232     h 
         -4.463261292445         -4.482160742508          1.324565993444     h 
          4.475861446125         -4.468547309270         -1.305516152943     h 
         -5.395880122097          1.913068397535          2.345709963425     c 
          4.769686807971          3.147978018935          2.180013508895     c 
          5.408249613938          1.861788577045         -2.355453500591     c 
         -4.788824952909          3.087444372610         -2.224316752575     c 
         -4.583267360355          0.977191108703         -0.266899907415     c 
          4.578104185543          0.990116417134          0.274099988915     c 
         -5.243792749900          0.401641302576          3.731913966598     h 
          6.695078521704          3.858178554574          2.261609422521     h 
          7.351991388481          2.524335359195         -2.313271014896     h 
         -4.257378196486          2.390932760792         -4.083303333556     h 
         -4.169816396872          3.456185150889          2.924026801152     h 
          4.219175121206          2.498679289431          4.050498360795     h 
          5.265838059254          0.317063347544         -3.705519271746     h 
         -3.512320326841          4.610086503906         -1.710885748756     h 
         -7.339968153393          2.574290329671          2.300539727274     h 
          3.501263507808          4.660093500049          1.617794940206     h 
          4.186656987301          3.390515185592         -2.980050947012     h 
         -6.713289597516          3.800057289499         -2.305765209563     h 
         -5.802383630393         -0.597488089530         -0.834835469309     h 
          5.794724007037         -0.569139235688          0.889017022387     h 
$end
