           1           2   1.5727049319873232     
           1           4   1.1534039681963031     
           3           4   1.3150238864401511     
           2           5   1.1534039681963062     
           3           5   1.3150238864401513     
           1           6   1.0252919830952461     
           2           7   1.0252919830952449     
           6           8  0.97392641649131129     
           7           9  0.97392641649122635     
           7          10  0.97392641649132150     
           6          11  0.97392641649123646     
           6          12  0.97954135775964790     
           7          13  0.97954135775964957     
           4          18  0.98672552766714683     
          14          18  0.99901776942061682     
          17          18  0.99901776942036435     
           5          19  0.98672552766714483     
          15          19  0.99901776942034726     
          16          19  0.99901776942062837     
          14          20  0.98714449828314677     
          15          21  0.98714449828316642     
          16          22  0.98714449828315631     
          17          23  0.98714449828317719     
          14          24  0.98344364616789970     
          15          25  0.98344364616782476     
          16          26  0.98344364616881608     
          17          27  0.98344364616874214     
          14          28  0.98581829202899907     
          15          29  0.98581829202898485     
          16          30  0.98581829202902227     
          17          31  0.98581829202900828     
          18          32  0.96392551469539667     
          19          33  0.96392551469539733     
