$coord
         -1.276094109751          2.893438140747          0.000608125905     c 
          1.276025139856          2.893462440355         -0.000037666774     c 
         -2.018001051103          0.404845664948          0.001018917744     n 
          2.017962137111          0.404883673951          0.000098664104     n 
          0.000012247692         -1.179907553662          0.000639818877     c 
         -2.569542861498          4.450064771302          0.001121352229     h 
          2.569267114388          4.450281866987         -0.000948647718     h 
         -4.634777169752         -0.419446770445         -0.000035797457     c 
          4.634753628491         -0.419338788103         -0.000049793334     c 
         -5.953880847979          0.584477881948          2.377476150997     c 
          5.952724945891          0.584178664064          2.378293859037     c 
          4.706820071218         -3.306472394335         -0.000905085566     c 
         -4.706834721507         -3.306596074631         -0.000914229005     c 
         -4.970294551017         -0.075305517663          4.058005676586     h 
          4.972218125170         -0.081313540382          4.058415196450     h 
          3.745363503526         -4.035665016671         -1.659942695383     h 
         -3.746617874699         -4.036764578092          1.658396519911     h 
         -5.977035874520          2.639517150642          2.400918177021     h 
          5.969575013484          2.639264224997          2.405112809647     h 
          6.654780941078         -3.957979872000         -0.001822701527     h 
         -3.745060911537         -4.035866776664         -1.659716931903     h 
         -7.894112843209         -0.086260932679          2.445122848816     h 
          7.895014080537         -0.080786291724          2.443380860319     h 
          3.746460432937         -4.036963518992          1.658224777837     h 
         -6.654711978931         -3.958383973075         -0.001976540904     h 
         -5.951749125425          0.585765765899         -2.378225450391     c 
          5.953020025086          0.585897377752         -2.377583888053     c 
         -7.891011498302         -0.087270726637         -2.449670796323     h 
          7.893928202811         -0.082860716275         -2.445180198786     h 
         -5.977344854539          2.640781774523         -2.399117200161     h 
          5.974042767068          2.640942902384         -2.401004740831     h 
          4.970128297652         -0.074895267419         -4.058135198213     h 
         -4.964743779239         -0.070728691932         -4.057967057390     h 
$end
