           1           2   1.6327322403941356     
           1           3   1.1811083627822363     
           2           4   1.1811083627822361     
           3           5   1.3162035716128262     
           4           5   1.3162035716128231     
           1           6  0.96768599102407604     
           2           7  0.96768599102407626     
           3           8  0.97339407609542050     
           4           9  0.97339407609541817     
           8          10  0.98834590908604336     
           9          11  0.98834590908598230     
           9          12  0.98834590908558062     
           8          13  0.98834590908551956     
          10          14  0.98427445923012469     
          11          15  0.98427445923016532     
          12          16  0.98427445922865087     
          13          17  0.98427445922869261     
          10          18  0.98603641953010301     
          11          19  0.98603641953010457     
          12          20  0.98603641953009658     
          13          21  0.98603641953009913     
          10          22  0.98529155839919080     
          11          23  0.98529155839918936     
          12          24  0.98529155839908422     
          13          25  0.98529155839908311     
           8          26  0.99718658270002503     
           9          27  0.99718658270002558     
          26          28  0.98474728780149789     
          27          29  0.98474728780149534     
          26          30  0.98294985381410449     
          27          31  0.98294985381406697     
          27          32  0.98294985381598821     
          26          33  0.98294985381595690     
