$coord
          1.274743524882         -3.542138007404          0.001858785655     c 
         -1.274337457736         -3.542340480768         -0.000663164929     c 
          2.567606915875         -5.096216877498         -0.043858861207     h 
         -2.567053062900         -5.096590062090          0.044243251118     h 
          4.520871622299         -0.176934498281         -0.025823752139     c 
          5.009642690051          2.278785404913         -0.838759552328     c 
          6.512719620076         -1.698801370830          0.765139442500     c 
          7.455830563845          3.184999802146         -0.869289045225     c 
          3.436837087255          3.435179938571         -1.423538121990     h 
          8.958549544627         -0.777150095036          0.715184744333     c 
          6.166743255559         -3.589942028877          1.448018916384     h 
          9.441601772722          1.658514267223         -0.104156546712     c 
          7.817918595746          5.090726495126         -1.502832938248     h 
         10.493693435164         -1.973143877158          1.331627119994     h 
         11.354967777716          2.365862041955         -0.139407952829     h 
         -4.520966983540         -0.177547302581          0.027464814342     c 
         -6.512004709159         -1.698694592999         -0.766765094366     c 
         -5.010534078505          2.277639619284          0.841617741284     c 
         -8.957792570867         -0.776674042834         -0.719651577810     c 
         -6.165305606292         -3.589303943068         -1.450655184427     h 
         -7.456630380338          3.184183254587          0.869466958009     c 
         -3.438377179511          3.433542718181          1.429076442174     h 
         -9.441581608779          1.658589927315          0.100316253574     c 
        -10.492279667497         -1.972072499865         -1.338872713654     h 
         -7.819400944213          5.089492073412          1.503840415592     h 
        -11.354874559425          2.366312020286          0.133162771204     h 
         -0.000117666621          0.546261893226          0.001680734920     c 
          2.024523657158         -1.044956497186         -0.010330847361     n 
         -2.024552667286         -1.045344669384          0.013032896765     n 
$end
