           1           2   1.6537753466845726     
           1           3  0.96756386206405920     
           2           4  0.96756386206405909     
           5           6   1.3726343207063665     
           5           7   1.3840167138097592     
           6           8   1.4584628595092486     
           7           8  0.10671964717274869     
           6           9  0.96460755250513297     
           6          10  0.10911217169621304     
           7          10   1.4458638086982418     
           7          11  0.96703880704618439     
           5          12  0.10065526608496880     
           8          12   1.4287618492117868     
          10          12   1.4390419559043806     
           8          13  0.97063191698309892     
          10          14  0.97119116464699573     
          12          15  0.97147961135998984     
          16          17   1.3726343207063678     
          16          18   1.3840167138097574     
          17          19   1.4584628595092521     
          18          19  0.10671964717274968     
          17          20  0.96460755250513375     
          17          21  0.10911217169621013     
          18          21   1.4458638086982405     
          18          22  0.96703880704618517     
          16          23  0.10065526608496939     
          19          23   1.4287618492117793     
          21          23   1.4390419559043828     
          19          24  0.97063191698309592     
          21          25  0.97119116464699451     
          23          26  0.97147961135999117     
           1          28   1.1543404976579192     
           5          28   1.0582320421546076     
          27          28   1.2869016128240971     
           2          29   1.1543404976579246     
          16          29   1.0582320421546090     
          27          29   1.2869016128240858     
