$coord
         -2.011547031518          0.044331773440          0.851366517337     n 
         -0.000824763710          0.005062563535         -0.746152687665     c 
          2.011725922236         -0.031355071078          0.848998102073     n 
          1.277358834165         -0.007626397060          3.344505728950     c 
         -1.274251905496          0.025058737974          3.345985997206     c 
         -4.560092117148          0.110280785686          0.059777420897     c 
          4.559714165155         -0.106912342000          0.056366087424     c 
         -5.464399566036          2.262693120260         -1.171959943252     c 
         -6.123082266989         -1.962899685448          0.518813838486     c 
          5.456774211159         -2.265190593602         -1.170411659979     c 
          6.129944804696          1.961650381386          0.511419485410     c 
          2.606873344482         -0.055394675123          4.869663758794     h 
         -2.601920390910          0.075334488296          4.872671927550     h 
         -8.634154170192         -1.829598117085         -0.229339323084     c 
         -9.561968973497          0.301291955554         -1.420091668527     c 
         -7.980505985839          2.327488952757         -1.898488506857     c 
          7.973599236672         -2.341525271702         -1.893395073704     c 
          9.562644913918         -0.320887039817         -1.416745529844     c 
          8.641491332413          1.816684593174         -0.232850346971     c 
         -3.730781804381          4.444046464695         -1.671216975386     c 
         -5.112795328167         -4.297165178073          1.769458405488     c 
         -9.864116172150         -3.421842100131          0.118189520275     h 
        -11.519450796128          0.378232244522         -1.992157317002     h 
         -8.706076646226          3.983511448130         -2.846241554862     h 
          3.715211170261         -4.440539351030         -1.668495139606     c 
          9.877354583037          3.404684143268          0.112878971406     h 
          5.125942958320          4.303528001373          1.752823577680     c 
          8.694147766478         -4.003133209466         -2.835410729667     h 
         11.521263235310         -0.407969753462         -1.983491064790     h 
         -3.204222185587         -4.701803249444          1.116791819437     h 
         -6.313424598026         -5.910471638369          1.349256862247     h 
         -5.049954367087         -4.064071562334          3.815928551049     h 
         -2.065161935908          3.792724766178         -2.689698798849     h 
         -3.098623846384          5.278522105806          0.104269732225     h 
         -4.680637732619          5.891202346639         -2.775198168379     h 
          6.336508755308          5.909883862167          1.334471341229     h 
          5.052402390269          4.075340111365          3.799465913180     h 
          3.222337544890          4.716021302389          1.090418873252     h 
          4.656325577558         -5.886578679137         -2.781367969402     h 
          2.046553257598         -3.781742090354         -2.677180635086     h 
          3.089424674447         -5.279295375240          0.107284270303     h 
$end
