           1           2   1.3102099731284298     
           2           3   1.2968054483474565     
           3           4   1.1683704364605798     
           1           5   1.1657849289285485     
           4           5   1.6332571555732494     
           1           6   1.0045528766170571     
           3           7   1.0140819830859060     
           6           8   1.3776005607546646     
           6           9   1.3760531931663800     
           7          10   1.3792292187927035     
           7          11   1.3668327371941598     
           4          12  0.96983166533237974     
           5          13  0.97048383850925535     
           8          14  0.10407606808727399     
           9          14   1.4126703815905706     
           6          15  0.10464874151619757     
          14          15   1.4396126568425895     
           8          16   1.4115264758729635     
           9          16  0.10429900520481311     
          15          16   1.4407795880616765     
          10          17   1.4084642949579300     
          11          17  0.10461033562434990     
           7          18  0.10296517850064187     
          17          18   1.4448156993592256     
          10          19  0.10306609002957912     
          11          19   1.4184355822722261     
          18          19   1.4343641147168431     
           8          20   1.0266569388462190     
           9          21   1.0269522209348629     
          14          22  0.96855670909042479     
          15          23  0.97090197471507866     
          16          24  0.96858807994643725     
          10          25   1.0254188985114905     
          19          26  0.96853618598030589     
          11          27   1.0270863521567044     
          17          28  0.96893217163673995     
          18          29  0.97091890627675481     
          21          30  0.97048339332067413     
          21          31  0.98579917747285406     
          21          32  0.97094674243650347     
          20          33  0.97020548648101224     
          20          34  0.98567689622038246     
          20          35  0.97217205401384554     
          27          36  0.98552685153276498     
          27          37  0.97108197090423809     
          27          38  0.96601704860568427     
          25          39  0.98327081850715814     
          25          40  0.97819599115640876     
          25          41  0.96811535906201707     
