$coord
         -2.048552752437         -0.011398251883          0.918282243458     n 
          0.000477314350          0.006008518582         -0.534020247960     c 
          2.048341164169         -0.042623399955          0.919177419302     n 
          0.002118454032          0.050638170847         -2.560235295447     h 
          1.285530563993         -0.091921335584          3.377217223204     c 
         -1.287415674664         -0.073745416045          3.376657772671     c 
         -4.610224354879          0.039153016704          0.063043331643     c 
          4.610907935462         -0.045482788886          0.064529372067     c 
         -5.938101087337         -2.233653659078         -0.080285861868     c 
         -5.684578504753          2.360502176152         -0.572614840252     c 
          5.904980583255          2.248224654627         -0.049016672599     c 
          5.718904525489         -2.342485197304         -0.600481004985     c 
          2.602745456598         -0.143119811498          4.912642955784     h 
         -2.605602784405         -0.088992034919          4.911982804968     h 
         -8.429931864608         -2.139079533198         -0.894191226018     c 
         -4.701909126065         -4.683724011875          0.612104297150     c 
         -8.181728414596          2.367898949021         -1.376380498852     c 
          8.397611661166          2.200877691343         -0.864612589362     c 
          9.540723891650         -0.053075487220         -1.534368260269     c 
          8.215511385353         -2.302937793283         -1.404773464944     c 
         -9.540223212539          0.139877590923         -1.533893440735     c 
         -9.061534744142          4.136945322254         -1.876739346661     h 
          4.252946009434         -4.759685002526         -0.454253631571     c 
          4.633180867976          4.669430588722          0.679596755915     c 
          9.444123206655          3.946552389647         -0.971257039087     h 
         11.479888560026         -0.056394361882         -2.160837294671     h 
          9.121255772215         -4.052216366213         -1.927768299794     h 
        -11.479022194378          0.179760266343         -2.160210449708     h 
         -9.501435761998         -3.867942332594         -1.024494906489     h 
         -4.185837722883          4.755734313867         -0.396854029404     c 
         -5.984408755773         -6.247732973635          0.267910951805     h 
         -4.179441630013         -4.710794129173          2.604228869736     h 
         -2.995509417204         -4.992471469390         -0.500099563046     h 
         -2.742698934380          4.820896442716         -1.866228949823     h 
         -3.253753241589          4.925418784624          1.431154903557     h 
         -5.414094250762          6.379673844262         -0.648121458394     h 
          5.902834797928          6.253944777975          0.387507601895     h 
          4.083045685863          4.646506121975          2.664076547620     h 
          2.939392718992          4.984819660996         -0.449351441519     h 
          5.492401479988         -6.361315530452         -0.781430535961     h 
          2.771135325052         -4.801465883096         -1.885448876620     h 
          3.371671941081         -4.989835921332          1.392383970543     h 
$end
