           1           2   1.3596911319899410     
           2           3   1.3568827531439804     
           2           4  0.95703292689856623     
           3           5   1.2217872196127852     
           1           6   1.2228541974911000     
           5           6   1.5908995918241253     
           1           7  0.95249761801073407     
           3           8  0.95709111993764151     
           7           9   1.3711359888968113     
           7          10   1.3714493433390385     
           8          11   1.3686031454288270     
           8          12   1.3695966108426538     
           5          13  0.96285860393173806     
           6          14  0.96317683906365037     
           9          15   1.4091534335833380     
          10          15  0.10485846669406582     
           9          16   1.0277319437076256     
           9          17  0.10507631523821245     
          10          17   1.4084865687006114     
          11          18   1.4102484625490621     
          12          18  0.10481481561510453     
          18          19   1.4402246983585090     
          11          20  0.10518428710004309     
          12          20   1.4083558665999916     
          19          20   1.4419094861900168     
           7          21  0.10169590883160962     
          15          21   1.4408552570125919     
          17          21   1.4414399727600955     
          17          22  0.96489718846066308     
          12          23   1.0289195334690735     
          11          24   1.0276254216503833     
          18          25  0.96515766239267653     
          19          26  0.96720114883439046     
          20          27  0.96511816743693501     
          21          28  0.96722597237354635     
          15          29  0.96491663285523521     
          10          30   1.0283434541606380     
          16          31  0.97296401889501138     
          16          32  0.96751401527789271     
          16          33  0.98155454232870887     
          30          34  0.97271666818107738     
          30          35  0.96699167654353779     
          30          36  0.98175021291276343     
          24          37  0.97937640041620155     
          24          38  0.96494261648591928     
          24          39  0.97766988213039463     
          23          40  0.97955941930775614     
          23          41  0.96302819400290951     
          23          42  0.97768443904009894     
