$coord
         -0.000052705024         -1.871325119488         -0.000829320784     c 
         -2.018088151029         -0.359444152986         -0.001268935101     n 
         -1.443961358052          2.346978159077          0.000682153273     c 
         -4.588812103339         -1.183615607557          0.000874119005     c 
          1.444058439321          2.346908587682         -0.000493521963     c 
         -2.248387090934          3.251301467489          1.681716846072     h 
         -2.250269300121          3.254537168509         -1.677628613520     h 
          2.018069661950         -0.359504173139         -0.000395183648     n 
          2.250307627353          3.253290520080          1.678402775849     h 
          2.248492510241          3.252308609406         -1.680912816624     h 
          4.588774766512         -1.183628050646          0.000935357464     c 
          5.585841078848         -0.493465224110          1.679956801432     h 
          5.588118161767         -0.491333506659         -1.675855790175     h 
          4.612447443792         -3.238358132774         -0.000380508981     h 
         -4.612304070285         -3.238382246055          0.001811962593     h 
         -5.588136583760         -0.493345639229         -1.676858739735     h 
         -5.585936725248         -0.491348735394          1.678945931086     h 
$end
