           1           2   1.3688515862910959     
           2           3  0.96970626830989648     
           2           4   1.0210915446087425     
           3           5   1.0112842033435687     
           3           6  0.97236075358815721     
           3           7  0.97236914596184598     
           1           8   1.3691085365180022     
           5           8  0.96969051809242313     
           5           9  0.97236919643597464     
           5          10  0.97235889871879277     
           8          11   1.0210308862963939     
          11          12  0.97579092006349621     
          11          13  0.97570320686708312     
          11          14  0.98008869465933446     
           4          15  0.97566928639353279     
           4          16  0.98009080489867495     
           4          17  0.97578915501418884     
