$coord
         -0.000028431494         -1.188105036675         -0.000264194648     c 
         -2.261040381818         -0.174043641444          0.033404769888     n 
         -2.888068861462          2.477965709071          0.315220239245     c 
          2.261003572036         -0.174039543952         -0.032981734892     n 
          4.460518111644         -1.788087823917          0.216739278630     c 
          5.588118424061         -1.719977620165         -1.508353275611     h 
          3.926101689252         -3.737037434110          0.581341006036     h 
          5.624856610430         -1.123687847244          1.782100592342     h 
         -3.061262407988          3.405063806975         -1.519277793607     h 
         -1.507987735905          3.459340964500          1.471480862197     h 
         -4.712223980675          2.613011185326          1.259041865102     h 
         -4.460597866772         -1.788018221153         -0.216666784019     c 
         -5.625765655917         -1.122443134650         -1.780986470583     h 
         -5.587215976363         -1.721306432744          1.509130707166     h 
          2.888207278786          2.477891830802         -0.315360789880     c 
          1.506469527054          3.460001358146         -1.468991416978     h 
          3.064515371466          3.404262279524          1.519236362311     h 
         -3.926274343308         -3.736740554762         -0.583140667647     h 
          4.710929179194          2.612826584423         -1.262087053401     h 
         -0.000109415888         -3.239854336522         -0.001414212886     h 
$end
