           1           2   1.4381395744310956     
           2           3  0.98407135766222908     
           1           4   1.4379681783454090     
           2           4  0.17932515334378787     
           4           5  0.98731908598508633     
           5           6  0.96695900268285151     
           5           7  0.96655802677883507     
           5           8  0.97577490670464062     
           3           9  0.97066003610844043     
           3          10  0.97206401007848231     
           3          11  0.96609740455484805     
           2          12  0.98705594629026816     
          12          13  0.96654921430624463     
          12          14  0.96727860549766209     
           4          15  0.98415953776933618     
          15          16  0.96609377160111498     
          15          17  0.97205438125825050     
          12          18  0.97594271034651126     
          15          19  0.97048928586760841     
           1          20  0.93499481210176882     
