$coord
         -1.286850422295         -2.255268581647          0.000130925316     c 
          1.286669286772         -2.255105231468         -0.000233568427     c 
         -2.052307012399          0.201540873279          0.000497679360     n 
          2.052419419345          0.201599456674         -0.000616329772     n 
         -0.000014903135          1.652634415923         -0.000237829570     c 
         -2.590257675849         -3.803785713317          0.000691905771     h 
          2.590462085805         -3.803343326582         -0.000021219922     h 
         -4.636670464638          1.042665520623         -0.000098645206     c 
          4.636746728308          1.042558412279          0.000420407521     c 
         -5.620536338239          0.305197099928          1.653941283116     h 
          5.611357052455          0.332012934380          1.671529058902     h 
          5.611661924399          0.336232568270         -1.672528815392     h 
         -5.602304608667          0.363717998956         -1.689965846983     h 
         -4.707160499867          3.096331701026          0.035805309359     h 
          4.707221802010          3.096467775089          0.002872978707     h 
         -0.000578511820          3.680718502152         -0.000452810463     h 
$end
