           1           2   1.5929330442790683     
           1           3   1.2288343678936851     
           2           4   1.2288343681916314     
           3           5   1.3619903590917535     
           4           5   1.3619903580766803     
           1           6  0.96023456395644469     
           2           7  0.96023456397957641     
           3           8  0.99022535426097902     
           4           9  0.99022535417321411     
           8          10  0.96124831381572440     
           9          11  0.96124831399580613     
           9          12  0.96124831385229981     
           8          13  0.96124831395209154     
           8          14  0.97529509660194336     
           9          15  0.97529509660908542     
           5          16  0.95266006900340416     
