           1           2   1.0097281723078813     
           1           3  0.98049032988285356     
           1           4  0.98512936055739653     
           1           5  0.98512936892709346     
           2           6   1.0075261389679981     
           2           7  0.97308997680249765     
           2           8  0.97308992941045069     
           6           9  0.92035814679292061     
           6          10  0.96630821594543104     
           6          11  0.96630825309364843     
           9          12  0.90973317229635087     
           9          13  0.91242487669379690     
           9          14  0.90973315055194481     
