$coord
         -4.720215027380          0.422943869886          0.000281486774     c 
          4.720151041827          0.422888804783          0.000307724485     c 
         -2.058544922924         -0.396227411964         -0.003459378621     n 
          2.058441456082         -0.396269347817         -0.003516002558     n 
         -1.284059482828         -2.852145732604         -0.001188125695     c 
          1.283893270093         -2.852166823457         -0.001319044964     c 
         -0.000037933225          1.045427494371         -0.004841786285     c 
         -2.561434398749         -4.418276989831          0.000140773056     h 
          2.561212629961         -4.418339373464         -0.000024821739     h 
         -0.000012128828          3.065987199261         -0.007305035179     h 
         -5.977280160716         -0.638642843610         -2.376593201870     c 
          4.862515999459          3.302340824320         -0.012491173374     c 
          5.978150001381         -0.641223871940         -2.374912843194     c 
         -5.963247991609         -0.622124482636          2.391904720358     c 
         -5.977400419663         -2.691393210661         -2.381991729766     h 
          3.992275834566          4.091100391389         -1.698759670247     h 
          5.017530577183          0.020575221997         -4.067219932126     h 
         -5.957693130464         -2.674780498126          2.414069918084     h 
         -7.927419837731         -0.006267392140         -2.457890455837     h 
          6.835563659330          3.867741006104         -0.010680562691     h 
          7.928259576196         -0.008767055674         -2.456288996621     h 
         -7.914568357113          0.005994775550          2.477550256789     h 
         -5.016133947063          0.025086385987         -4.067893204443     h 
          3.985125931904          4.106795375334          1.662604405374     h 
          5.978508287185         -2.693942342307         -2.378049409568     h 
         -4.995517456476          0.057844852215          4.072997206267     h 
         -4.862314537666          3.302435595966         -0.009443746317     c 
          5.962496486905         -0.619575069609          2.393401153330     c 
         -6.835321442951          3.867901568559         -0.007116755168     h 
          7.914513893322          0.006575498161          2.477891526934     h 
         -3.984966049751          4.104999971087          1.666590162812     h 
          5.954649300879         -2.672168653090          2.418815686449     h 
          4.995632874701          0.064081426704          4.073454494057     h 
         -3.991983228266          4.093080047884         -1.694795079252     h 
$end
