    0.03877098
    0.03877098
   -0.17863364
   -0.17863364
    0.02244742
    0.02244742
    0.07244171
    0.07402544
    0.07402544
    0.05224775
   -0.08388635
   -0.08388635
   -0.08388635
   -0.08388635
    0.08171464
    0.08171464
    0.08171464
    0.08171464
    0.08064104
    0.08064104
    0.08064104
    0.08064104
    0.08653471
    0.08653471
    0.08653471
    0.08653471
   -0.08413942
   -0.08413942
    0.07936885
    0.07936885
    0.07790378
    0.07790378
    0.07790378
    0.07790378
