           1           3  0.91978219326782384     
           2           4  0.91978219326782618     
           3           5   1.2268955004085416     
           4           6   1.2268955004085398     
           5           6   1.5980718923414878     
           3           7   1.3666791903403364     
           4           7   1.3666791903403430     
           5           8  0.96065629522124241     
           6           9  0.96065629522124263     
           7          10  0.94915542317171564     
           1          11  0.98660318000895486     
           2          12  0.98660318000895464     
           2          13  0.98660318000895519     
           1          14  0.98660318000895608     
          11          15  0.98089564773980442     
          12          16  0.98089564773980498     
          13          17  0.98089564773980364     
          14          18  0.98089564773980498     
          11          19  0.97718410247267584     
          12          20  0.97718410247267629     
          13          21  0.97718410247267640     
          14          22  0.97718410247267762     
          11          23  0.98333864387362624     
          12          24  0.98333864387362624     
          13          25  0.98333864387362691     
          14          26  0.98333864387362646     
           1          27   1.0003005607432289     
           2          28   1.0003005607432292     
          27          29  0.97665850262650500     
          28          30  0.97665850262650578     
          27          31  0.98149936247778835     
          28          32  0.98149936247778791     
          28          33  0.98149936247778757     
          27          34  0.98149936247778979     
