$coord
         -2.917410024006          1.102757792540          0.260211758155     c 
         -1.384089816709         -1.187269572581         -0.586761073596     c 
         -4.855225394039          0.906029610003         -0.383791420667     h 
         -2.207144731049          2.867639906900         -0.526537961968     h 
         -2.958052913498          1.242536699328          2.309734540747     h 
          1.244274764755         -1.246194964047          0.582695022269     c 
         -1.246029652710         -1.229783635827         -2.643893464734     h 
         -2.361728875689         -2.903837103280         -0.006766523376     h 
          2.706782639715          1.034591604711         -0.227342263347     n 
          2.273008010964         -2.933619145690          0.000359304555     h 
          1.109214236077         -1.223973410724          2.639932541130     h 
          2.952368452681          1.016670083291         -2.155020419056     h 
          4.443766443214          1.125133850045          0.632018887017     h 
          1.666411374329          2.613413954145          0.240868767490     h 
$end
