$coord
         -0.000014164630         -1.671307418236         -0.000621331121     c 
         -2.072474112739         -0.322100361040         -0.001152649492     n 
         -1.454635686726          2.365100413234         -0.001293236032     c 
         -4.638258729221         -1.192278691265          0.001278014668     c 
          1.454683485265          2.365062417648          0.001417205267     c 
         -2.256497135194          3.274737453760          1.670948101209     h 
         -2.253210207105          3.273433709718         -1.675873132757     h 
          2.072459153101         -0.322147028200          0.000031722074     n 
          2.253391495886          3.272652513262          1.676330282220     h 
          2.256457285787          3.275385238209         -1.670472852140     h 
          4.638243885612         -1.192283470004          0.000027287076     c 
          5.623268389311         -0.495806423541          1.673250015316     h 
          5.624213844336         -0.492950698789         -1.671430576023     h 
          4.688112030551         -3.246150435489         -0.001727498457     h 
         -4.688028247283         -3.245984194786          0.004038936594     h 
         -5.624818580073         -0.496659367600         -1.671289178035     h 
         -5.622806952249         -0.492241214787          1.673179136231     h 
         -0.000097951488         -3.708821913474         -0.001003904249     h 
$end
