           1           2   1.4331337400654360     
           2           3  0.96975215365336798     
           2           4  0.99758131074806911     
           3           5   1.0039013501661307     
           3           6  0.96240781705442247     
           3           7  0.96236815347761062     
           1           8   1.4332344549434410     
           2           8  0.18090591816974058     
           5           8  0.96971800429345156     
           5           9  0.96238227681394806     
           5          10  0.96240322974532844     
           8          11  0.99757935529899189     
          11          12  0.96360555827293148     
          11          13  0.96286146135266004     
          11          14  0.97448917366288357     
           4          15  0.96284136083659266     
           4          16  0.97449940411051006     
           4          17  0.96362497622425791     
           1          18  0.94438297237597557     
