$coord
         -4.594946501858          0.003406889215          1.034342113832     c 
          4.594919297931          0.002585234672          1.034292812582     c 
         -2.013679364831          0.000215576157          0.158041863704     n 
          2.013686269701         -0.001341999276          0.157941093312     n 
         -1.277187004597         -0.008538957815         -2.329993643907     c 
          1.277122480093         -0.009285417518         -2.330047888868     c 
          0.000018859087          0.004885092568          1.746685333380     c 
         -5.973397750123          2.387066263203          0.156736353335     c 
         -5.974181251099         -2.384813488584          0.170427033845     c 
          5.976603308880         -2.383273997072          0.167776165401     c 
          5.971037554410          2.388677972670          0.159429612111     c 
         -2.581588854744         -0.013216215300         -3.877504520508     h 
          2.581530517392         -0.014931815475         -3.877555708460     h 
         -4.472018729414          0.009332536323          3.102106713353     h 
          4.471895357900          0.006150629186          3.102066346351     h 
         -6.135618163184          2.422567997347         -1.892500390701     h 
         -6.139448725367         -2.430305055814         -1.878408904041     h 
          6.141110894863         -2.426932241571         -1.881124914362     h 
          6.137363115717          2.424273224628         -1.889510256922     h 
         -7.861933703841          2.446233561699          0.961429726780     h 
         -7.861540149892         -2.440428513311          0.978210967909     h 
          7.864357469745         -2.437174637285          0.974669708407     h 
          7.857779891184          2.451241474549          0.968052879483     h 
         -4.946046952395          4.061092304684          0.762386971995     h 
         -4.945552172064         -4.055658427764          0.782796251109     h 
          4.950372906236         -4.055937334117          0.779164802169     h 
          4.939372514042          4.060890217769          0.762931056410     h 
$end
