           1           3  0.98816887749846372     
           2           4  0.98816887749846394     
           3           5   1.1827561437660961     
           4           6   1.1827561437660967     
           5           6   1.6304060040285084     
           3           7   1.3181814613948724     
           4           7   1.3181814613948684     
           1           8  0.99893253657083048     
           1           9  0.99893253657083270     
           2          10  0.99893253657084136     
           2          11  0.99893253657082470     
           5          12  0.96882185032813917     
           6          13  0.96882185032813783     
           1          14  0.96274797942585799     
           2          15  0.96274797942585755     
           8          16  0.98528956136914780     
           9          17  0.98528956136917745     
          10          18  0.98528956136917079     
          11          19  0.98528956136915613     
           8          20  0.98568798965935123     
           9          21  0.98568798965935200     
          10          22  0.98568798965935334     
          11          23  0.98568798965935267     
           8          24  0.98658888528037259     
           9          25  0.98658888528036937     
          10          26  0.98658888528036959     
          11          27  0.98658888528037125     
