           1           2   1.0194514294294206     
           1           3  0.98737875885791293     
           1           4  0.98792095921659118     
           1           5  0.98774501544294002     
           2           6   1.0053114344158325     
           2           7  0.97768857798034869     
           2           8  0.97779479627678811     
           6           9   1.0233185547270394     
           6          10  0.96945691046232596     
           6          11  0.97571924922497377     
           9          12  0.96864858938740528     
           9          13  0.96882754735277610     
