$coord
          0.000042697035         -2.006866372338          0.165341710073     c 
         -2.141021077701         -0.694589401858         -0.026168586496     n 
         -4.503842655673         -2.038918266631          0.050098619317     c 
          2.141060425386         -0.694594293602         -0.026406742610     n 
          4.504000820821         -2.038710992419          0.050871719242     c 
          5.682213135160         -1.373814020277          1.617061488621     h 
          5.557390737274         -1.775006973089         -1.711077214089     h 
          4.105145755885         -4.038050839902          0.305823796926     h 
         -4.104883935678         -4.038321103594          0.304453834241     h 
         -5.556760373452         -1.774744472391         -1.712055168055     h 
         -5.682581745482         -1.374671553536          1.616170506646     h 
         -2.339423640577          2.019805060973         -0.416351006844     c 
          0.000198606796          3.302057765483          0.667873933207     c 
         -4.043103429463          2.715049129662          0.531670088582     h 
         -2.516457905051          2.439987658578         -2.444059676147     h 
          2.339021823425          2.019660137512         -0.417877976087     c 
          0.000909713316          3.074626047234          2.720180270029     h 
          0.000065416643          5.316115529794          0.229037007562     h 
          4.043517085560          2.715451141457          0.528202689020     h 
          2.514026717626          2.438931572570         -2.445946020810     h 
$end
