           1           2   1.3707529213062453     
           2           3   1.0140227851259733     
           1           4   1.3709298287727463     
           4           5   1.0140072129289899     
           5           6  0.97699598107087049     
           5           7  0.97770636227658081     
           5           8  0.98027773243543570     
           3           9  0.97700306786998281     
           3          10  0.98028029033456687     
           3          11  0.97768706635201208     
           2          12  0.97687455477021645     
          12          13   1.0051997154974310     
          12          14  0.97135012160432010     
          12          15  0.96742260991351448     
           4          16  0.97682479709322467     
          13          16   1.0051858193376269     
          13          17  0.97808213983353909     
          13          18  0.97667097475392406     
          16          19  0.97135949557529244     
          16          20  0.96743637122413650     
