$coord
          0.000059584571         -1.801095085416          0.102949962173     c 
         -2.195792517426         -0.672377398454         -0.065349931892     n 
         -4.551450675526         -2.037147977031          0.079658754611     c 
          2.195837015748         -0.672332084527         -0.065619609013     n 
          4.551579201079         -2.037001298771          0.079909824734     c 
          4.215612739860         -4.061294230784          0.178112624492     h 
          5.609619498956         -1.455115418225          1.751953098287     h 
          5.694039247076         -1.631468274922         -1.587225704294     h 
         -5.612048302869         -1.451686709478          1.748843480349     h 
         -4.215161788320         -4.061117885527          0.182938859089     h 
         -5.691627206921         -1.635609951380         -1.590080650291     h 
          0.000047640369         -3.828340508623          0.388738759107     h 
         -2.349668492180          2.047509733128         -0.412161772031     c 
          0.000000778756          3.292883576101          0.690701146720     c 
         -4.047309014375          2.734819964297          0.536437636417     h 
         -2.528054321722          2.470866989636         -2.429873886115     h 
          2.349446609440          2.047528098052         -0.412544101574     c 
          0.000392681084          3.070229065588          2.740988104629     h 
         -0.000032545238          5.303807953123          0.262579545085     h 
          4.047295119031          2.735035904604          0.535496706718     h 
          2.527001046114          2.470829859545         -2.430316806697     h 
$end
