           1           2   1.4337023746215538     
           2           3  0.99181796574793823     
           1           4   1.4336180498648412     
           2           4  0.17586125440298062     
           4           5  0.99186260656207270     
           5           6  0.96589104975161233     
           5           7  0.96719130950385535     
           5           8  0.97563327387290177     
           3           9  0.96582178702472876     
           3          10  0.97563991111120396     
           3          11  0.96733191490937065     
           1          12  0.94057922531460558     
           2          13  0.96964008395120527     
          13          14   1.0066407021906303     
          13          15  0.96262013538644664     
          13          16  0.95707099929474648     
           4          17  0.96970193259306292     
          14          17   1.0064863870148097     
          14          18  0.97258616284268518     
          14          19  0.96609368243001792     
          17          20  0.96282986106560564     
          17          21  0.95702054980798279     
