   -0.04853037
   -0.19964399
   -0.04931593
   -0.00760087
   -0.00793104
    0.01715958
    0.01747735
   -0.01100397
   -0.00985387
   -0.01183729
   -0.00863739
    0.03698788
    0.03723996
   -0.03769848
   -0.03622096
   -0.03770563
   -0.03759193
   -0.03622606
   -0.03771397
   -0.07077606
   -0.07145053
    0.03768968
    0.03694236
    0.03738912
   -0.07123354
    0.03775837
   -0.07153804
    0.03735154
    0.03695642
    0.05855038
    0.03452440
    0.04347385
    0.04142382
    0.03385640
    0.05188036
    0.03434046
    0.04564770
    0.06246073
    0.03473089
    0.05169871
    0.03696998
