$coord
         -1.294694057337         -2.406186260536         -0.108927412527     c 
          1.291551091595         -2.409061446442          0.101608756582     c 
          0.002439557588          1.521799303507         -0.000711910977     c 
         -2.044279083912          0.076553283677         -0.179340770047     n 
          2.046212619189          0.071974393609          0.175528372667     n 
          0.004796010509          3.543407112959          0.000798573431     h 
         -3.092371222830         -4.550205903028         -0.255240039226     c 
          3.084806055725         -4.557120359254          0.243071594195     c 
         -4.495403115962         -4.440390287935          1.245517437956     h 
          4.080202071797         -4.567029490836          2.045564535596     h 
          4.479220692325         -4.454312966132         -1.266335007479     h 
         -4.077314421447         -4.561980258940         -2.063521793057     h 
         -2.086827046574         -6.327152669977         -0.064985096676     h 
          2.073853082803         -6.332028923163          0.062755624457     h 
         -5.543544589010          1.689197017272          2.338065035145     c 
          4.866096422775          3.177035491283          2.161142349919     c 
          5.532806654239          1.718451296641         -2.337544016347     c 
         -4.851969729009          3.212089038747         -2.134875740503     c 
         -4.643277809594          0.989763596229         -0.313072286780     c 
          4.646568230275          0.981624188273          0.308164447202     c 
         -5.381502933252          0.091499380756          3.619810689711     h 
          3.998285443709          2.706274050400          3.963433297001     h 
          5.355640009550          0.140860485577         -3.642067901217     h 
         -3.970469667574          2.769290831961         -3.937726105804     h 
         -4.442027645897          3.251343279944          3.092113687576     h 
          3.996299293360          4.883072458745          1.420372496354     h 
          4.433391210915          3.296505237394         -3.060840434640     h 
         -3.990534924724          4.908254539320         -1.362077579071     h 
         -7.512417398095          2.261133281313          2.265734061399     h 
          6.850570227451          3.580606451041          2.493605147168     h 
          7.504566587574          2.280894879912         -2.269530410472     h 
         -6.834681624263          3.617710868566         -2.475675535831     h 
         -5.780008021509         -0.577255124682         -1.033077235405     h 
          5.786432595762         -0.596008635367          0.999082536918     h 
$end
