    0.04588203
    0.04588203
    0.07147175
   -0.18329790
   -0.18329790
    0.05331694
   -0.08355912
   -0.08355912
    0.08334628
    0.08334628
    0.08334628
    0.08334628
    0.07960088
    0.07960088
   -0.08286352
   -0.08286352
   -0.08286352
   -0.08286352
    0.01494963
    0.01494963
    0.08704880
    0.08704880
    0.08704880
    0.08704880
    0.07804823
    0.07804823
    0.07804823
    0.07804823
    0.08405060
    0.08405060
    0.08405060
    0.08405060
    0.06476936
    0.06476936
