           1           2   1.5109248349176179     
           1           4   1.1893013036555651     
           3           4   1.3571885567797426     
           2           5   1.1893013036555642     
           3           5   1.3571885567797422     
           3           6  0.95384340403175172     
           1           7   1.0405955487148388     
           2           8   1.0405955487148406     
           7           9  0.96092610489898855     
           8          10  0.96092610489899333     
           8          11  0.96092610489899077     
           7          12  0.96092610489899100     
           7          13  0.97224132040732958     
           8          14  0.97224132040733113     
           4          19  0.94412366670103975     
          15          19  0.99817108986013414     
          18          19  0.99817108986013059     
           5          20  0.94412366670103876     
          16          20  0.99817108986013148     
          17          20  0.99817108986013292     
          15          21  0.98392073643896061     
          16          22  0.98392073643896238     
          17          23  0.98392073643896305     
          18          24  0.98392073643896216     
          15          25  0.98296023668098076     
          16          26  0.98296023668097898     
          17          27  0.98296023668097887     
          18          28  0.98296023668097954     
          15          29  0.97819232327694650     
          16          30  0.97819232327694727     
          17          31  0.97819232327694894     
          18          32  0.97819232327694794     
          19          33  0.95791024621193910     
          20          34  0.95791024621193599     
