$coord
         -3.681837242402         -0.267292617222          0.000043804225     c 
         -1.097424226997          0.998316372665         -0.000031345829     c 
         -5.178472629757          1.141426866491          0.000363557950     h 
         -3.901740856363         -1.450638061809          1.666352463445     h 
         -3.902223217037         -1.450688124996         -1.666227461286     h 
          1.054933547031         -0.946103756991         -0.000100504886     c 
         -0.918538591964          2.204929903828          1.669000910394     h 
         -0.918707274383          2.204889756790         -1.669142671021     h 
          3.580874814235          0.125724716516          0.000017161168     n 
          0.892672433430         -2.151403979453         -1.671321158434     h 
          0.892790857831         -2.151564882248          1.670999335270     h 
          3.826747000240          1.233786130379          1.546704540743     h 
          3.826644234108          1.235154356784         -1.545918767371     h 
$end
