$coord
          0.000043763596         -1.381385310472         -0.000347281930     c 
         -2.211944901601         -0.191325036718         -0.057321433087     n 
         -4.411136870847         -1.801743119120          0.170336974231     c 
          2.211956914022         -0.191211896369          0.056802017154     n 
          4.411210596049         -1.801770324749         -0.169843643508     c 
          3.785182129708         -3.752083223682         -0.322631906745     h 
          5.638646709422         -1.609922927149          1.484310295571     h 
          5.505834601245         -1.308275538333         -1.854252555750     h 
         -3.785193514362         -3.752000437623          0.324091915628     h 
         -5.638865532506         -1.610864585905         -1.483794273019     h 
         -5.505605971617         -1.307450346600          1.854630600907     h 
         -2.889547524964          2.478272030057         -0.224941277522     c 
         -3.024295886977          3.354695463860          1.645464792459     h 
         -4.734749140392          2.632905914362         -1.134135707003     h 
          2.889471507714          2.478375820987          0.225106803720     c 
          3.024321428702          3.355246844318         -1.645120716261     h 
          1.535199252704          3.508734457335          1.373882539095     h 
         -1.535657823430          3.509005830863         -1.373647937177     h 
          4.734522599856          2.632753521948          1.134708237463     h 
$end
