           1           2   1.3835558197213775     
           2           3   1.0097096467506155     
           1           4   1.3838048041733586     
           4           5   1.0095942179223063     
           5           6  0.97861052018136951     
           5           7  0.97738746493057382     
           5           8  0.98075908680201673     
           3           9  0.97742854207996455     
           3          10  0.98070607911866980     
           3          11  0.97847353966221140     
           2          12  0.97849090117914617     
          12          13  0.98047681000162534     
          12          14  0.97702417652885398     
           4          15  0.97850475871698184     
          15          16  0.98051279217698117     
          15          17  0.97959837455743692     
          12          18  0.97964730788646415     
          15          19  0.97702736023429360     
