$coord
         -1.284979813758         -1.250382442360         -0.000025731075     c 
          1.284960530617         -1.250509411912         -0.000259324824     c 
         -3.140759914362         -3.358769391187         -0.001120581599     c 
          3.140743613397         -3.358726285593          0.001249418957     c 
         -2.009215286953          1.259449215184          0.000003615046     n 
          2.009233722553          1.259470961394         -0.000175964099     n 
          0.000027249659          2.850851293761         -0.000021120144     c 
          4.346292713712         -3.272027434248          1.671508404008     h 
          4.352793517242         -3.268912945541         -1.663842103117     h 
          2.162580327809         -5.164553195653         -0.002268532854     h 
         -4.346832850112         -3.271786464520         -1.670850862904     h 
         -4.352566483866         -3.268781376773          1.664249697918     h 
         -2.162505453844         -5.164698357409          0.002113297537     h 
         -4.580350754490          2.107111146462          0.000887267340     c 
         -4.566486387756          4.163580276106         -0.000223113329     h 
         -5.581154069621          1.435812495798          1.679179418821     h 
         -5.582924656475          1.433951953831         -1.675607863044     h 
          4.580348140432          2.107086856491         -0.000660393457     c 
          4.566541279948          4.163604124259         -0.000168766133     h 
          5.581574560668          1.435262529233         -1.678581403139     h 
          5.582561779204          1.434353826920          1.676296640940     h 
$end
