           1           2   1.5682213220924506     
           1           3   1.0242133036033099     
           2           4   1.0275706510030065     
           1           5   1.1566290628891112     
           2           6   1.1550015716213275     
           5           7   1.3097445489581157     
           6           7   1.3205767182221968     
           4           8  0.98386150460616384     
           4           9  0.97318645987305019     
           4          10  0.97318645246104929     
           3          11  0.97599629486722883     
           3          12  0.97497761957579154     
           3          13  0.97497754499031619     
           5          14   1.0128699069172062     
          14          15  0.97512387498492903     
          14          16  0.97657323041772082     
          14          17  0.97657322150862536     
           6          18   1.0159258568281886     
          18          19  0.98039134434594932     
          18          20  0.97538805333196343     
          18          21  0.97538805337791978     
