$coord
          1.285585422548          3.195956581543          1.249862169814     c 
         -1.285172804856          3.196144483797          1.250224909702     c 
          2.584997118168          4.620802648625          1.860703432721     h 
         -2.584397987359          4.621032261288          1.861383387865     h 
          4.596279504150          0.112186185589          0.040285823129     c 
          5.257061369568         -2.375614081565          0.565070288357     c 
          6.401649316148          1.835447190040         -0.778181192064     c 
          7.741296182304         -3.132217810720          0.265282296711     c 
          3.856599953105         -3.692517983483          1.246089386381     h 
          8.879206387667          1.053615512503         -1.070672350131     c 
          5.869432853747          3.753182465739         -1.221652027338     h 
          9.550536236761         -1.423459920972         -0.550565084562     c 
          8.262968427441         -5.057858692378          0.680469483515     h 
         10.283398309481          2.383577563027         -1.712406643475     h 
         11.484657179902         -2.022615865051         -0.779062250143     h 
         -4.596442553106          0.112541395864          0.041052687903     c 
         -5.257576682717         -2.374662477371          0.567908706432     c 
         -6.401355130604          1.835189019082         -0.779710521197     c 
         -7.741691983514         -3.131517427827          0.267405640409     c 
         -3.857536308344         -3.690940482779          1.250966431362     h 
         -8.878713073574          1.053115207180         -1.072909832898     c 
         -5.868755586361          3.752476207122         -1.224644479810     h 
         -9.550324452906         -1.423587092348         -0.551274638672     c 
         -8.263685557463         -5.056591032842          0.684754395342     h 
        -10.282559190658          2.382453690659         -1.716617828022     h 
        -11.484458495817         -2.022633801951         -0.780033359899     h 
         -0.000233925018         -0.450195037292         -0.183639657343     c 
         -0.000402501612         -2.306390553895         -0.994056208689     h 
          2.056926869458          0.905864485560          0.347290214814     n 
         -2.057034471587          0.906144415389          0.347894392325     n 
$end
