           1           2   1.5973335417024499     
           1           3  0.96094334474760912     
           2           4  0.96094334474761167     
           5           6   1.3844766172389267     
           5           7   1.3862806402245116     
           6           8   1.4477478825622980     
           7           8  0.10754200263826659     
           6           9  0.96608933997283519     
           6          10  0.10789703102677231     
           7          10   1.4461118593580755     
           7          11  0.96528415713941373     
           5          12  0.10129229444179344     
           8          12   1.4340051396048363     
          10          12   1.4353446329964774     
           8          13  0.96661755950577288     
          10          14  0.96652456189794478     
          12          15  0.96705317018337333     
          16          17   1.3844766172389544     
          16          18   1.3862806402244217     
          17          19   1.4477478825622940     
          18          19  0.10754200263825589     
          17          20  0.96608933997286228     
          17          21  0.10789703102674249     
          18          21   1.4461118593581730     
          18          22  0.96528415713941851     
          16          23  0.10129229444183505     
          19          23   1.4340051396048348     
          21          23   1.4353446329964170     
          19          24  0.96661755950580419     
          21          25  0.96652456189795000     
          23          26  0.96705317018338388     
          27          28  0.95458169512533364     
           1          29   1.2098699487516780     
           5          29  0.99039920905890422     
          27          29   1.3409016970883272     
           2          30   1.2098699487516644     
          16          30  0.99039920905890844     
          27          30   1.3409016970883609     
