$coord
         -1.286150261445          0.000000000000         -2.305915277047     c 
          1.286150261445          0.000000000000         -2.305915277047     c 
         -2.054943273640          0.000000000000          0.149260914575     n 
          2.054943273640          0.000000000000          0.149260914575     n 
          0.000000000000          0.000000000000          1.593124962324     c 
         -2.574066419445          0.000000000000         -3.864479803800     h 
          2.574066419445          0.000000000000         -3.864479803800     h 
         -4.667153009561          0.000000000000          1.033724379615     c 
          4.667153009561          0.000000000000          1.033724379615     c 
         -4.583142296213          0.000000000000          3.100539571750     h 
          4.583142296213          0.000000000000          3.100539571750     h 
          0.000000000000          0.000000000000          3.620299519673     h 
         -5.998576986660         -2.391119169973          0.128431212445     c 
          5.998576986660         -2.391119169973          0.128431212445     c 
          5.998576986660          2.391119169973          0.128431212445     c 
         -5.998576986660          2.391119169973          0.128431212445     c 
         -6.175611183103         -2.413935871507         -1.916953877232     h 
          6.175611183103         -2.413935871507         -1.916953877232     h 
          6.175611183103          2.413935871507         -1.916953877232     h 
         -6.175611183103          2.413935871507         -1.916953877232     h 
         -4.978503337804         -4.071730230056          0.726403695616     h 
          4.978503337804         -4.071730230056          0.726403695616     h 
          4.978503337804          4.071730230056          0.726403695616     h 
         -4.978503337804          4.071730230056          0.726403695616     h 
         -7.884086526129         -2.464094325595          0.933813843210     h 
          7.884086526129         -2.464094325595          0.933813843210     h 
          7.884086526129          2.464094325595          0.933813843210     h 
         -7.884086526129          2.464094325595          0.933813843210     h 
$end
