           1           2   1.5922141805221366     
           1           3   1.2294142348133223     
           2           4   1.2294142348133190     
           3           5   1.3662404158684633     
           4           5   1.3662404158684582     
           1           6  0.96045859686677537     
           2           7  0.96045859686677515     
           3           8  0.94074547949765963     
           4           9  0.94074547949765963     
           8          10  0.96150619233361390     
           9          11  0.96150619233361256     
           5          12  0.95450242284570730     
           8          13  0.99673411427991776     
           9          14  0.99673411427991832     
           9          15  0.99673411427991720     
           8          16  0.99673411427991854     
          13          17  0.98177245034160987     
          14          18  0.98177245034160965     
          15          19  0.98177245034161087     
          16          20  0.98177245034160854     
          13          21  0.98369234532301730     
          14          22  0.98369234532301908     
          15          23  0.98369234532301886     
          16          24  0.98369234532301830     
          13          25  0.97659360535829909     
          14          26  0.97659360535830109     
          15          27  0.97659360535829964     
          16          28  0.97659360535829909     
